

--- page 1 ---
证券代码：300076 证券简称：GQY 视讯 公告编号：2026-26
宁波GQY视讯股份有限公司
关于前期会计差错更正及追溯调整的公告
本公司及除董事宋孟外的董事会全体成员保证信息披露的内容真实、准确
和完整，没有虚假记载、误导性陈述或重大遗漏。
重要内容提示：
本次采用追溯重述法进行前期会计差错更正，涉及公司 2023 年年度报告、
2024 年第一季度报告、2024 年半年度报告、2024 年第三季度报告、2025 年半年
度报告、2025 年第三季度报告中相关报表科目，不会导致公司已披露的相关年
度报表出现盈亏性质的改变。
本次前期会计差错更正及追溯调整事项给广大投资者造成的不便，公司深表
歉意。公司将持续提升治理水平和规范运作水平，进一步提高信息披露质量切实
保障公司及全体股东的利益。
宁波 GQY 视讯股份有限公司（以下简称“公司”或“上市公司”）于 2026
年 4 月 29 日召开第八届董事会第七次会议，董事会过半数以上董事审议通过了
《关于前期会计差错更正及追溯调整的议案》。同意公司财务部根据《公开发行
证券的公司信息披露编报规则第 19 号——财务信息的更正及相关披露》《企业
会计准则第 28 号——会计政策会计估计变更和差错更正》等相关规定，对相关
财务报表和相关附注进行会计差错更正及追溯调整，具体情况如下：
一、会计差错更正概述
事项一：根据《企业会计准则第 14 号——收入》第三十四条：“企业应当
根据其在向客户转让商品前是否拥有对该商品的控制权，来判断其从事交易时的
身份是主要责任人还是代理人。企业在向客户转让商品前能够控制该商品的，该
企业为主要责任人，应当按照已收或应收对价总额确认收入；否则，该企业为代
理人，应当按照预期有权收取的佣金或手续费的金额确认收入，该金额应当按照
已收或应收对价总额扣除应支付给其他相关方的价款后的净额，或者按照既定的
佣金金额或比例等确定。”为了更严谨地执行收入准则，公司对港城广场建设项


--- page 2 ---
目 29-1、29-3 地块弱电系统（含技防）工程、江苏移动信息系统集成有限公司
贵州广电项目、河南郑州新田置业国贸 360 广场南区、北区户外 LED 屏项目、
谦奕云仓项目 LED 屏二期项目四个项目的业务交易实质进行了更加严格的判断，
基于谨慎性并结合审计机构相关建议，将上述业务在定期报告的收入确认方法由
“总额法”调整为“净额法”。港城广场建设项目 29-1、29-3 地块弱电系统（含
技防）工程项目涉及 2023 年年度报告相关报表科目；江苏移动信息系统集成有
限公司贵州广电项目涉及 2024 年第一季度、2024 年半年度、2024 年第三季度相
关报表科目；河南郑州新田置业国贸 360 广场南区、北区户外 LED 屏项目涉及
2025 年半年度、2025 年第三季度相关报表科目；谦奕云仓项目 LED 屏二期项目
涉及 2025 年第三季度相关报表科目。
事项二：本公司 2024 年承接的“中华人民共和国吉林出入境边防检查总站
系统建设采购项目”已按合同约定完成设备安装调试工作，由于不可抗力未能在
第二季度获取验收单。公司基于谨慎性，需对第二季度确认的收入进行冲回处理，
该调整涉及 2024 年半年度财务报表的相关科目。
事项三：2025 年 3 月 21 日，公司召开总经理办公会，同意公司与深圳维视
商显科技有限公司（以下简称“维视商显”）共同出资设立控股子公司深圳市怡
然思科技有限公司（以下简称“怡然思”），公司拟以自有资金出资 650 万元，
持股 65%。2025 年 3 月 24 日，公司与维视商显签署《投资协议》。2025 年 4
月 18 日，怡然思完成工商设立登记。本次投资完成后，公司持股 65%，纳入公
司的合并财务报表范围。
公司与年审会计师进行沟通后，怡然思因控制权问题未纳入合并报表，因此
公司对前期账务处理进行调整，该调整涉及 2025 年半年度报告、2025 年第三季
度报告相关报表科目。
二、会计差错更正的具体情况及影响
本次前期会计差错更正及追溯调整对公司 2023 年年度报告、2024 年第一季
度报告、2024 年半年度报告、2024 年第三季度报告、2025 年半年度报告、2025
年第三季度报告财务报表的具体影响数据如下（以下注释未经特别说明，金额单
位为人民币元）：
1、对 2023 年年度报告合并利润表的影响


--- page 3 ---
报表项目 更正前金额 更正后金额 更正金额
一、营业总收入 135,024,531.65 128,022,761.73 -7,001,769.92
其中：营业收入 135,024,531.65 128,022,761.73 -7,001,769.92
二、营业总成本 161,275,237.44 154,273,467.52 -7,001,769.92
其中：营业成本 109,193,254.05 102,191,484.13 -7,001,769.92
2、对 2023 年年度报告母公司利润表的影响
报表项目 更正前金额 更正后金额 更正金额
营业收入 132,293,065.87 125,291,295.95 -7,001,769.92
营业成本 108,969,654.01 101,967,884.09 -7,001,769.92
3、对 2024 年第一季度报告合并利润表的影响
报表项目 更正前金额 更正后金额 更正金额
一、营业总收入 38,766,840.24 12,989,652.42 -25,777,187.82
其中：营业收入 38,766,840.24 12,989,652.42 -25,777,187.82
二、营业总成本 41,923,080.84 16,145,893.02 -25,777,187.82
其中：营业成本 29,634,384.99 3,857,197.17 -25,777,187.82
4、对 2024 年半年报报告合并资产负债表的影响
报表项目 更正前金额 更正后金额 更正金额
应收账款 120,758,636.03 105,083,868.53 -15,674,767.50
存货 35,063,157.01 57,211,634.65 22,148,477.64
流动资产合计 736,223,933.63 742,697,643.77 6,473,710.14
资产总计 1,051,610,345.87 1,058,084,056.01 6,473,710.14
合同负债 8,552,401.80 15,220,067.46 6,667,665.66
流动负债合计 75,643,878.02 82,311,543.68 6,667,665.66
负债合计 78,401,640.34 85,069,306.00 6,667,665.66
未分配利润 9,067,954.66 8,873,999.14 -193,955.52
归 属 于 母 公 司 所 有 者 权
972,735,489.61 972,541,534.09 -193,955.52
益合计
所有者权益合计 973,208,705.53 973,014,750.01 -193,955.52
负债和所有者权益总计 1,051,610,345.87 1,058,084,056.01 6,473,710.14


--- page 4 ---
5、对 2024 年半年报报告母公司资产负债表的影响
报表项目 更正前金额 更正后金额 更正金额
应收账款 140,415,878.31 124,741,110.81 -15,674,767.50
存货 34,674,724.98 56,823,202.62 22,148,477.64
流动资产合计 819,371,620.69 825,845,330.83 6,473,710.14
资产总计 1,088,050,525.74 1,094,524,235.88 6,473,710.14
合同负债 8,330,607.07 14,998,272.73 6,667,665.66
流动负债合计 61,801,340.32 68,469,005.98 6,667,665.66
负债合计 63,749,128.05 70,416,793.71 6,667,665.66
未分配利润 11,859,628.17 11,665,672.65 -193,955.52
所有者权益合计 1,024,301,397.69 1,024,107,442.17 -193,955.52
负债和所有者权益总计 1,088,050,525.74 1,094,524,235.88 6,473,710.14
6、对 2024 年半年度报告合并利润表的影响
项目 更正前金额 更正后金额 更正金额
一、营业总收入 77,454,471.15 29,334,850.17 -48,119,620.98
其中：营业收入 77,454,471.15 29,334,850.17 -48,119,620.98
二、营业总成本 95,738,897.47 47,813,232.01 -47,925,665.46
其中：营业成本 67,695,836.22 19,770,170.76 -47,925,665.46
三、营业利润（亏损以“—”号填列） -17,591,550.56 -17,785,506.08 -193,955.52
四、利润总额（亏损总额以“—”号
-17,521,117.72 -17,715,073.24 -193,955.52
填列）
五、净利润（净亏损以“—”号填列） -15,704,087.18 -15,898,042.70 -193,955.52
1.持续经营净利润（净亏损以“—”号
-15,704,087.18 -15,898,042.70 -193,955.52
填列）
1.归属于母公司股东的净利润（净亏损
-14,859,321.66 -15,053,277.18 -193,955.52
以“—”号填列）
七、综合收益总额 -15,704,087.18 -15,898,042.70 -193,955.52
归属于母公司所有者的综合收益总额 -14,859,321.66 -15,053,277.18 -193,955.52
7、对 2024 年半年度报告母公司利润表的影响
项目 更正前金额 更正后金额 更正金额
一、营业收入 75,097,572.92 26,977,951.94 -48,119,620.98


--- page 5 ---
项目 更正前金额 更正后金额 更正金额
减：营业成本 65,934,637.38 18,008,971.92 -47,925,665.46
二、营业利润（亏损以“—”号填列） -10,061,716.03 -10,255,671.55 -193,955.52
三、利润总额（亏损总额以“—”号填
-9,991,283.19 -10,185,238.71 -193,955.52
列）
四、净利润（净亏损以“—”号填列） -8,183,564.69 -8,377,520.21 -193,955.52
（一）持续经营净利润（净亏损以“—”
-8,183,564.69 -8,377,520.21 -193,955.52
号填列）
六、综合收益总额 -8,183,564.69 -8,377,520.21 -193,955.52
8、对 2024 年半年度报告合并所有者权益变动表的影响
所有者权益合计 所有者权益合计
项目 更正金额
更正前金额 更正后金额
三、本期增减变动金额（减
-14,654,087.18 -14,848,042.70 -193,955.52
少以“－”号填列）
（一）综合收益总额 -15,704,087.18 -15,898,042.70 -193,955.52
四、本期期末余额 973,208,705.53 973,014,750.01 -193,955.52
9、对 2024 年半年度报告母公司所有者权益变动表的影响
所有者权益合计 所有者权益合计
项目 更正金额
更正前金额 更正后金额
三、本期增减变动金额（减
-8,183,564.69 -8,377,520.21 -193,955.52
少以“－”号填列）
（一）综合收益总额 -8,183,564.69 -8,377,520.21 -193,955.52
四、本期期末余额 1,024,301,397.69 1,024,107,442.17 -193,955.52
10、对 2024 年第三季度报告合并利润表的影响
报表项目 更正前金额 更正后金额 更正金额
一、营业总收入 84,307,611.02 58,530,423.20 -25,777,187.82
其中：营业收入 84,307,611.02 58,530,423.20 -25,777,187.82
二、营业总成本 114,487,020.93 88,709,833.11 -25,777,187.82
其中：营业成本 71,185,158.68 45,407,970.86 -25,777,187.82
11、对 2025 年半年报报告合并资产负债表的影响
报表项目 更正前金额 更正后金额 更正金额


--- page 6 ---
货币资金 69,480,572.85 69,469,891.53 -10,681.32
应收账款 97,156,168.63 89,650,877.68 -7,505,290.95
预付款项 5,472,850.62 4,875,890.45 -596,960.17
其他应收款 7,966,503.53 7,954,333.13 -12,170.40
存货 46,312,604.01 38,142,638.55 -8,169,965.46
流动资产合计 666,307,511.54 650,012,443.24 -16,295,068.30
其他非流动金融资产 45,903,292.47 52,403,292.47 6,500,000.00
固定资产 53,392,473.83 53,386,020.93 -6,452.90
使用权资产 3,342,196.12 2,453,040.84 -889,155.28
递延所得税资产 16,012,091.12 15,764,529.74 -247,561.38
非流动资产合计 337,997,908.26 343,354,738.70 5,356,830.44
资产总计 1,004,305,419.80 993,367,181.94 -10,938,237.86
应付账款 63,721,848.86 58,003,265.95 -5,718,582.91
应付职工薪酬 2,617,449.65 2,523,498.48 -93,951.17
应交税费 328,726.49 313,941.85 -14,784.64
其他应付款 6,106,259.50 6,076,259.50 -30,000.00
一年内到期的非流动负
2,227,042.27 1,922,463.88 -304,578.39
债
其他流动负债 1,452,403.25 1,094,363.49 -358,039.76
流动负债合计 88,962,984.65 82,443,047.78 -6,519,936.87
租赁负债 1,280,466.06 693,309.90 -587,156.16
预计负债 1,110,475.30 961,727.58 -148,747.72
递延所得税负债 1,114,699.93 936,868.87 -177,831.06
非流动负债合计 3,505,641.29 2,591,906.35 -913,734.94
负债合计 92,468,625.94 85,034,954.13 -7,433,671.81
未分配利润 -55,499,886.84 -55,502,854.77 -2,967.93
归属于母公司所有者权
908,228,928.49 908,225,960.56 -2,967.93
益合计
少数股东权益 3,607,865.37 106,267.25 -3,501,598.12
所有者权益合计 911,836,793.86 908,332,227.81 -3,504,566.05
负债和所有者权益总计 1,004,305,419.80 993,367,181.94 -10,938,237.86


--- page 7 ---
12、对 2025 年半年报报告母公司资产负债表的影响
报表项目 更正前金额 更正后金额 更正金额
长期股权投资 155,613,038.98 149,113,038.98 -6,500,000.00
其他非流动金融资产 5,990,892.47 12,490,892.47 6,500,000.00
13、对 2025 年半年度报告合并利润表的影响
报表项目 更正前金额 更正后金额 更正金额
一、营业总收入 40,746,808.29 27,157,390.07 -13,589,418.22
其中：营业收入 40,746,808.29 27,157,390.07 -13,589,418.22
二、营业总成本 64,875,024.90 51,581,298.97 -13,293,725.93
其中：营业成本 37,587,069.65 24,425,699.97 -13,161,369.68
税金及附加 400,311.82 396,902.66 -3,409.16
销售费用 10,810,023.18 10,809,465.38 -557.80
管理费用 14,784,481.41 14,656,580.47 -127,900.94
财务费用 -2,105,762.61 -2,106,250.96 -488.35
其中：利息费用 201,937.72 201,449.37 -488.35
信用 减值损 失（损 失以
-2,752,860.42 -2,406,788.07 346,072.35
“—”号填列）
三、 营业利 润（亏 损以
-23,379,073.16 -23,328,693.10 50,380.06
“—”号填列）
加：营业外收入 174,097.71 174,097.28 -0.43
四、利润总额（亏损总额
-23,204,975.55 -23,154,595.92 50,379.63
以“—”号填列）
减：所得税费用 -105,253.33 -50,307.65 54,945.68
五、 净利润 （净亏 损以
-23,099,722.22 -23,104,288.27 -4,566.05
“—”号填列）
1.持续经营净利润（净亏
-23,099,722.22 -23,104,288.27 -4,566.05
损以“—”号填列）
1.归属于母公司股东的净
利润（净亏损以“—”号填 -22,726,398.01 -22,729,365.94 -2,967.93
列）
2.少数股东损益（净亏损
-373,324.21 -374,922.33 -1,598.12
以“—”号填列）
七、综合收益总额 -23,099,722.22 -23,104,288.27 -4,566.05
归属 于母公 司所有 者的
-22,726,398.01 -22,729,365.94 -2,967.93
综合收益总额
归 属 于 少 数 股 东 的 综
-373,324.21 -374,922.33 -1,598.12
合收益总额


--- page 8 ---
14、对 2025 年半年度报告母公司利润表的影响
项目 更正前金额 更正后金额 更正金额
一、营业收入 30,686,099.39 26,571,058.20 -4,115,041.19
减：营业成本 27,816,160.96 23,701,119.77 -4,115,041.19
15、对 2025 年半年度报告合并现金流量表的影响
项目 更正前金额 更正后金额 更正金额
销售商品、提供劳务收
45,434,077.04 43,384,077.04 -2,050,000.00
到的现金
收到其他与经营活动有
2,437,092.01 2,431,851.22 -5,240.79
关的现金
经营活动现金流入小计 47,871,169.05 45,815,928.26 -2,055,240.79
购买商品、接受劳务支
57,281,757.30 45,417,406.38 -11,864,350.92
付的现金
支付给职工以及为职工
19,327,373.09 19,204,319.74 -123,053.35
支付的现金
支付的各项税费 1,947,434.47 1,944,025.31 -3,409.16
支付其他与经营活动有
11,253,711.29 11,236,602.42 -17,108.87
关的现金
经营活动现金流出小计 89,810,276.15 77,802,353.85 -12,007,922.30
经营活动产生的现金流量
-41,939,107.10 -31,986,425.59 9,952,681.51
净额
购建固定资产、无形资
产和其他长期资产支付的 706,472.18 699,835.01 -6,637.17
现金
投资支付的现金 764,310,000.00 770,810,000.00 6,500,000.00
投资活动现金流出小计 765,016,472.18 771,509,835.01 6,493,362.83
投资活动产生的现金流量
-51,295,642.73 -57,789,005.56 -6,493,362.83
净额
吸收投资收到的现金 3,700,000.00 200,000.00 -3,500,000.00
其中：子公司吸收少数
3,700,000.00 200,000.00 -3,500,000.00
股东投资收到的现金
筹资活动现金流入小计 3,700,000.00 200,000.00 -3,500,000.00
支付其他与筹资活动有
174,776.79 144,776.79 -30,000.00
关的现金
筹资活动现金流出小计 17,347,900.40 17,317,900.40 -30,000.00
筹资活动产生的现金流量
-13,647,900.40 -17,117,900.40 -3,470,000.00
净额
五、现金及现金等价物净
-106,882,650.23 -106,893,331.55 -10,681.32
增加额
六、期末现金及现金等价
62,337,483.09 62,326,801.77 -10,681.32
物余额


--- page 9 ---
16、对 2025 年半年度报告合并所有者权益变动表的影响
所有者权益合计 所有者权益合计
项目 更正金额
更正前金额 更正后金额
三、本期增减变动金额（减
-19,399,658.47 -22,904,224.52 -3,504,566.05
少以“－”号填列）
（一）综合收益总额 -23,099,722.22 -23,104,288.27 -4,566.05
（二）所有者投入和减少
3,700,000.00 200,000.00 -3,500,000.00
资本
1．所有者投入的普通股 3,700,000.00 200,000.00 -3,500,000.00
四、本期期末余额 911,836,793.86 908,332,227.81 -3,504,566.05
17、对 2025 年第三季度报告合并资产负债表的影响
所有者权益合计 所有者权益合计
项目 更正金额
更正前金额 更正后金额
货币资金 99,037,263.98 99,033,044.50 -4,219.48
应收账款 93,683,024.60 83,698,950.38 -9,984,074.22
预付款项 9,145,247.57 8,173,078.11 -972,169.46
其他应收款 8,433,338.76 8,412,478.75 -20,860.01
存货 63,039,899.96 53,870,335.76 -9,169,564.20
其他流动资产 4,225,649.84 3,606,756.59 -618,893.25
流动资产合计 660,657,098.24 639,887,317.62 -20,769,780.62
其他非流动金融资产 45,873,364.72 52,373,364.72 6,500,000.00
固定资产 53,101,292.38 52,686,539.87 -414,752.51
使用权资产 2,364,326.59 1,553,626.20 -810,700.39
递延所得税资产 15,852,848.59 15,597,406.03 -255,442.56
非流动资产合计 345,854,167.71 350,873,272.25 5,019,104.54
资产总计 1,006,511,265.95 990,760,589.87 -15,750,676.08
应付账款 71,227,801.69 60,767,896.92 -10,459,904.77
应付职工薪酬 591,232.75 493,751.11 -97,481.64
其他应付款 8,549,885.77 7,931,016.27 -618,869.50
一年内到期的非流动
566,594.93 259,311.58 -307,283.35
负债


--- page 10 ---
流动负债合计 100,801,814.49 89,318,275.23 -11,483,539.26
租赁负债 1,160,361.06 651,047.57 -509,313.49
预计负债 838,267.63 689,519.91 -148,747.72
递延所得税负债 962,307.82 800,167.74 -162,140.08
非流动负债合计 2,960,936.51 2,140,735.22 -820,201.29
负债合计 103,762,751.00 91,459,010.45 -12,303,740.55
未分配利润 -64,337,952.41 -64,303,460.50 34,491.91
归属于母公司所有者权
899,390,862.92 899,425,354.83 34,491.91
益合计
少数股东权益 3,357,652.03 -123,775.41 -3,481,427.44
所有者权益合计 902,748,514.95 899,301,579.42 -3,446,935.53
负债和所有者权益总计 1,006,511,265.95 990,760,589.87 -15,750,676.08
18、对 2025 年第三季度报告合并利润表的影响
项目 更正前金额 更正后金额 更正金额
一、营业总收入 64,396,653.34 32,974,632.76 -31,422,020.58
其中：营业收入 64,396,653.34 32,974,632.76 -31,422,020.58
二、营业总成本 101,012,271.67 69,919,284.66 -31,092,987.01
其中：营业成本 58,581,670.70 27,829,944.28 -30,751,726.42
税金及附加 597,994.16 589,558.08 -8,436.08
销售费用 17,912,197.05 17,903,445.29 -8,751.76
管理费用 22,186,536.76 21,870,411.28 -316,125.48
财务费用 -2,770,494.04 -2,778,441.31 -7,947.27
其中：利息费用 223,936.95 211,556.00 -12,380.95
利息收入 3,009,963.03 3,004,721.35 -5,241.68
信用减值损失（损失以
-1,826,595.93 -1,365,979.97 460,615.96
“-”号填列）
三、营业利润（亏损以
-32,460,501.63 -32,328,919.24 131,582.39
“－”号填列）
加：营业外收入 174,098.43 174,097.61 -0.82
减：营业外支出 0.84 0.10 -0.74
四、利润总额（亏损总额
-32,286,404.04 -32,154,821.73 131,582.31
以“－”号填列）


--- page 11 ---
减：所得税费用 -98,402.91 -19,885.07 78,517.84
五、净利润（净亏损以
-32,188,001.13 -32,134,936.66 53,064.47
“－”号填列）
1.持续经营净利润（净亏
-32,188,001.13 -32,134,936.66 53,064.47
损以“－”号填列）
1.归属于母公司股东的
净利润（净亏损以“-”号 -31,564,463.58 -31,529,971.67 34,491.91
填列）
2.少数股东损益（净亏损
-623,537.55 -604,964.99 18,572.56
以“-”号填列）
七、综合收益总额 -32,188,001.13 -32,134,936.66 53,064.47
（一）归属于母公司所有
-31,564,463.58 -31,529,971.67 34,491.91
者的综合收益总额
（二）归属于少数股东的
-623,537.55 -604,964.99 18,572.56
综合收益总额
19、对 2025 年第三季度报告合并现金流量表的影响
项目 更正前金额 更正后金额 更正金额
销售商品、提
供劳务收到的现 88,533,911.15 74,181,410.76 -14,352,500.39
金
收到其他与经
营活动有关的现 5,206,042.93 5,200,802.14 -5,240.79
金
经营活动现金流
93,739,954.08 79,382,212.90 -14,357,741.18
入小计
购买商品、接
受劳务支付的现 99,527,525.50 75,744,526.87 -23,782,998.63
金
支付给职工及
为职工支付的现 30,500,373.90 30,052,223.42 -448,150.48
金
支付的各项税
2,219,000.39 2,197,272.14 -21,728.25
费
支付其他与经
营活动有关的现 17,221,668.99 17,170,514.92 -51,154.07
金
经营活动现金流
149,468,568.78 125,164,537.35 -24,304,031.43
出小计
经营活动产生的
-55,728,614.70 -45,782,324.45 9,946,290.25
现金流量净额
购建固定资
产、无形资产和
719,325.28 699,835.01 -19,490.27
其他长期资产支
付的现金
投资支付的现
1,333,639,000.00 1,340,139,000.00 6,500,000.00
金
投资活动现金流
1,334,358,325.28 1,340,838,835.01 6,480,509.73
出小计
投资活动产生的
-6,093,770.69 -12,574,280.42 -6,480,509.73
现金流量净额
吸收投资收到
3,700,000.00 200,000.00 -3,500,000.00
的现金


--- page 12 ---
其中：子公
司吸收少数股东 3,700,000.00 200,000.00 -3,500,000.00
投资收到的现金
筹资活动现金流
3,700,000.00 200,000.00 -3,500,000.00
入小计
支付其他与筹
资活动有关的现 1,152,770.94 1,122,770.94 -30,000.00
金
筹资活动现金流
18,325,894.55 18,295,894.55 -30,000.00
出小计
筹资活动产生的
-14,625,894.55 -18,095,894.55 -3,470,000.00
现金流量净额
五、现金及现金
-76,448,279.94 -76,452,499.42 -4,219.48
等价物净增加额
六、期末现金及
92,771,853.38 92,767,633.90 -4,219.48
现金等价物余额
三、审计委员会审议情况
2026 年 4 月 29 日，公司召开第八届董事会审计委员会第七次会议，董事会
审计委员会认真审阅了《关于前期会计差错更正及追溯调整的议案》，本次前期
会计差错更正及追溯调整符合《企业会计准则第 28 号——会计政策、会计估计
变更和差错更正》《公开发行证券的公司信息披露编报规则第 19 号——财务信
息的更正及相关披露》等有关规定。更正后的财务数据及财务报表能够更加客观、
准确地反映公司实际经营情况和财务状况，有利于提高公司会计信息质量。董事
会审计委员会同意将《关于前期会计差错更正及追溯调整的议案》提交公司董事
会审议。
四、董事会及会计师事务所的结论性意见
（一）董事会意见
2026 年 4 月 29 日公司召开第八届董事会第七次会议，董事会过半数以上董
事审议通过了《关于前期会计差错更正及追溯调整的议案》，表决情况：同意 7
票，反对 1 票，弃权 0 票，审议通过。董事宋孟基于公司 2025 年投资设立深圳
市怡然思科技有限公司（以下简称“怡然思科技”）事项，依规无需经董事会审议
通过；而怡然思科技因控制权问题不纳入公司合并报表，对公司收入产生重大影
响，其作为董事无法判断怡然思科技的财务情况，因此无法判断 2025 年半年度、
2025 年第三季度财务报表调整的准确性，故对本议案投反对票。其余董事会成
员认为：本次前期会计差错更正及追溯调整是根据相关会计准则及国家相关法律
法规、规范性文件所作的合理性更正及调整，更正后的财务数据及财务报表能够
更加客观、准确、真实地反映公司财务状况和经营成果，使公司会计核算更加严


--- page 13 ---
谨、客观。董事会同意上述前期会计差错更正及追溯调整事项。
（二）会计师事务所审核意见
公司 2025 年度审计机构大华会计师事务所（特殊普通合伙）对上述前期会计
差错更正及追溯调整出具了《宁波 GQY 视讯股份有限公司前期重大会计差错更
正的专项说明》（大华核字【2026】0011005341 号），认为公司编制的前期会
计差错更正及追溯调整情况专项说明符合相关规定。
五、备查文件
1、公司第八届董事会审计委员会第七次会议决议；
2、公司第八届董事会第七次会议决议；
3、《宁波 GQY 视讯股份有限公司前期重大会计差错更正的专项说明》；
4、《宁波 GQY 视讯股份有限公司关于前期会计差错更正后的财务报表及
相关财务信息》。
特此公告。
宁波 GQY 视讯股份有限公司董事会
二〇二六年四月三十日