  2025 
 

 8  UDC  A  5-8 12 23  Floors5-8,12and23,Block A,UDC Times Building,No.8 Xinye RoadQianjiang New City,Hangzhou Tel.0571-88879999 Fax.0571-88879000

www.zhcpa.cn

  2025 
 

[2026]5929 
 ()
2026  3  23  2025  ([2026]0537 )  :

2025  216.39  274.95% 26.55  1083.05%  12.27% 8.38  208.64   18.87% 6.62   0.27  26.22%
1,  2  3 4 

 8  UDC  A  5-8 12 23  Floors5-8,12and23,Block A,UDC Times Building,No.8 Xinye RoadQianjiang New City,Hangzhou Tel.0571-88879999 Fax.0571-88879000
 1   48 

www.zhcpa.cn

 5 
 ,   

  2,039,875.21 14,784.99 31,782.88  



   



74 4 31 109




1,057,569.85 53,101.10 929,204.27
2,039,875.21

 2   48 



 

 
        
   


 1
10%-30% 2/
/ 30%-40% 3
 
 "    
  
20 
  
 1  2 /  /    2    3     10    1 20% 2 40% 3 35% 4 6  5%

 3   48 


 

 
    


,  





1

2

3 

"""3  "

1

 14 ----" "  

1"  "   ""

2  

 4   48 

  
       
 
2  14 ----" "      2  3  4  5     / 
 5   48 

 // / 
 
     
  
  
 
  (  
1 2025  17 
 6   48 





2025     
    



Fortune Ocean Shipping Limited



2

3000-4000  

2-3  

1,339.39 

Reederei H.Vogemann GmbH & Co.KG
Laskaridis Maritime S.A.

 

6

3000 -8000  2-5 





4

3000-4000  

2-3  

94,766.50  44,436.08 

Dynacom & Sea Traders S.A.





4

3000 -15000 

2-7  

64,843.03 

Vanhui Shipping Co., Limited



1

3000-4000  

2-3  

17,977.02 

Fortune Ocean Shipping Limited  2025  1  2024  2025 

2

 2025  92   1,831,298.17  44   1,001,619.22 


Dynacom & Sea Traders S.A.
Reederei H. Vogemann GmbH & Co. KG Seatankers Management Co. Ltd.
Laskaridis Maritime S.A.
Capital Ship Management Corp.


     

  


 16 10 6 10 2

  

 





3000  -2 

2 -7  

2026-2027  

7000  -1 

3 -5  

2026-2027  

1 -2  6 -7 





2026-2027  

3000  -2 
7000  -2 

2 -7  
4 -7  

2026-2027   2026-2027  



 7   48 


Dynacom & Sea Traders S.A.
Reederei H. Vogemann GmbH & Co. KG
Seatankers Management Co. Ltd.
Laskaridis Maritime S.A.
Capital Ship Management Corp.

2025  
0-10 
0-3  0-100  0-100  0-100 

2025  
30-40 
10-20  20-30  10-20 
0-10 

2025   440,536.63
216,193.98 322,947.71 184,852.96
83,949.30


1  5  10  
6  3  1  
2  4  
4  3  3  
1  1  



 

 





179,673.66 329,510.31

118,770.72 115,541.85

147,320.24 175,627.47

81,863.15 103,072.04

26,251.59

57,722.04

 17 



 



    


 
  /   
 





   

  

 





 

/   





 
 


 8   48 

 ERP      
    
 
  
  
1  2025 

     
 

2025  11.73% 12.00% 14.38% 19.85% 34.24% 18.44% 18.87%

2024  9.57% 12.20% 11.76% 14.77% 28.66%
15.39% 12.26%

 9   48 

 1    2 2025   2025 
2024  2025  


LNG  

2
 2025 



2025 

2024 



8.32%

4.91%



5.40%

2.40%



6.57%

3.55%



5.54%

2.43%



30.28%

25.00%



11.22%

7.66%



12.27%

3.89%

 1 2025   2025 



1

 1%

2

3









 10   48 

 2024  2025   
3 2025  6.62  8.38  
1  
2


   


2025  
50.69% 2.55%
44.54% 2.23%
100.00%

2024  
74.74% -
21.39% 3.87% 100.00%

2025   2024  21.39%

44.54% 2.55%

 74.74% 50.69%



   

 

 11   48 

2025    

  


2025  11,293,816.61 15,298,374.53 26,592,191.14


2024  5,545,689.27
30,496,576.58 36,042,265.85

 2025  1-5  2024   2025 





       


 6,770,612.90 1,137,886.39 1,431,735.22 270,056.91 721,887.38 931,507.69 30,130.12 11,293,816.61


 4,076,192.90 254,386.60 433,689.10 333,990.38 223,129.71 207,920.80 16,379.78 5,545,689.27





2024 





 12   48 







0.21%



0.35%



0.41%



0.05%

 1 2025  2025   2025 



 1%

   

  1 2  3 4  5   1  2 

 13   48 

3
 14   48 

103.80 352.97%47.97%1.17 5.52025 172025702026 1-375
15  2 3  4  
  5  

 2025 


Dynacom & Sea Traders S.A.
Seatankers Management Co. Ltd. Reederei H. Vogemann GmbH & Co. KG
Laskaridis Maritime S.A.

 329,510.31

 2024-2025 

2025 
1 5 10 



 



2026-2027   8 

2 4

175,627.47 2024-2025  

2026-2027  

115,541.85 103,072.04

2024-2025  2024-2025 

6 3 1  4 3 3 

2026-2027   1  2026-2027   2 

 15   48 







2025 

 



Capital Ship Management Corp.

1 1

57,722.04 2024-2025  

2026-2027   1 

2025  12  31 

 2025 





 100%2025 



   

  

 

 

  

  

 

 

 16   48 

 

 



 



 

   40%      

 2024 

    


 6,252,955,678.32
164,643,142.94 6,417,598,821.26

 -
3,750,213.00 3,750,213.00

 2025 

 
6,252,955,678.32
160,892,929.94 6,413,848,608.26


   


 1,661,203,018.03
223,669,602.13 733,955,804.27

 -

 
1,661,203,018.03 223,669,602.13 733,955,804.27

 17   48 





2,618,828,424.43

-

2,618,828,424.43





 

 

1 

 

 

 1 2 3 4 5


Mediterranean Shipping Company S.A
Sea Traders S.A. Dynacom Tankers Management Ltd.
H. Vogemann Reederei Services GmbH & Co.
KG
Winning International Group PTE LTD
SEATANKERS


Mediterranean Shipping Company S.A1970 2023 155Alphaliner2025 211MSC600TEU 
Dynacom Tankers1991Sea Traders1974 George ProcopiouGeorge Procopiou 1701163  
Vogemann Reederei2020H.Vogemann H.Vogemann1886  
Winning Shipping (S) Pte.    10043 800 
Seatankers·John Fredriksen 1986

 18   48 

 Seatankers FrontlineGolden Ocean Group
    
     
 
2




/



6.44%



9.82%



12.18%



26.02%



20.04%



29.28%

 2024   2025 







 19   48 

2025  216.39   274.95% 26.55  1083.05%   2025  2025  17  2026   14 2026  2025   2025  29.54% 2025  

  2025 

3

2024 2025 

 2024  2025 







229,155.40 1,037,979.95

   14   29.54%

 2024  229,155.40 

2025 

1,037,979.95  14 

 29.54%





 

 20   48 

  
 8.2 -32.5  DWT 11.4  DWT-30.6  DWT  2700TEU-24000TEU   10  20  DWT   8  20  DWT   4  20  DWT  2026  10  20  DWT   12  20  DWT  22   3-4  66-88   2025  12  31  190   2029    
  1 2 3   1 2  3
 21   48 

 72.15  12.58  58.87  52.39  36.44   80.86% 0.91 0.752025   0.43  5.85 
1 2  3  4   5 
  

2025  12  31 

 

     


 595,708.55 98,432.91 13,505.51 8,727.57 5,140.12 721,514.66

 82.56% 13.64% 1.87% 1.21% 0.71%
100.00%

 721,514.66   2025  456,877.30  2025 

 22   48 

 2025  818,825.44  2025   39.35   

2025  12  31  1  63.78% 

 






1



1000****5342

 2  5320****8696

 3  3712****5139

 4  2125****1516

 5  8110****1576

 6  3225****0170

 7  5320****4421

 8  2066****8876



9



3225****3268

 10  1054****0609

 11  3451****1085

 12  3039****5118

 13  7519****4087

 14  4119****0111

 15  5105****2194

 16  4119****0199

 
            
   




                


 
 
 
 
 
 
 
 
 
 
 
 
 
 
 
 


 
       
    
 


 
0.05%
0.05%-4 .50%
0.05%-3 .50%
0.05%-4 .42%
0.05%-3 .90%
0.05%-3 .70%
0.05%-4 .50%
0.05%
0.05%
0.05%-3 .75%
0.05%-4 .53%
3.95%-4 .40%
0.05%
1.00%-1 .30%
0.05%
0.05%-1 .95%

 
75,005.88 74,114.85 56,457.82 54,576.89 25,881.38 23,919.59 23,861.24 21,190.01 13,048.14 11,216.62 10,920.01 10,646.44 10,556.55 10,452.28 10,330.01 28,007.03 460,184.74

 23   48 

  0.05% SOFR 




2025  12  31 









1



2



3



4



5



6



7



8



9



10



11



12



13



14



15



16



17



18



19



20



21



22



23 

24 

25 

26 

27 



2,125.67 3,801.71 2,150.00 7,134.48 2,330.00 2,265.00 7,831.86 2,260.36 6,632.49 30,528.85 2,258.00 8,164.22 5,400.00 5,815.44 9,693.28 2,141.09 4,146.01 1,413.46 3,120.22
996.11 5,145.74 6,736.09 2,942.69
49.75 399.06 170.78 153.74 125,806.11


IBK    
  
    
      
       

 
US$2,872.00 US$5,175.00 US$2,940.00 US$9,720.00 US$2,872.00 US$3,080.00 US$10,350.00 US$3,064.80 US$8,596.40 US$3,661.05 US$3,072.00 US$10,492.16 US$7,218.00 US$7,639.80 US$13,186.50
18,335.57 10,003.85
1,413.46 21,015.16
9,961.12 5,140.12 13,536.84 8,135.78
460.02 399.06 121.28 153.74

 2025 





 24   48 

1
   






 

 2025  6  30  7,150,394,719.91 6,084,191,382.84 239,061,539.22  2025  6  30  3,513,585,377.38  6,098,149,052.58 456,127.10

  149,949,278.90 

  2,473,396,439.42 1,383,732,804.00














2

  

  2025   

 25   48 

 

1



 

  
  

2025  1  405,932.84
2025  7  362,994.35

2025  2  387,563.40
2025  8  741,942.65

2025  3  2025  4  2025  5  2025  6  333,177.86 327,645.44 340,245.24 415,663.25
2025  9  2025  10  2025  11  2025  12  542,090.36 513,644.38 552,396.64 721,514.66



    =2025 /12

2025 

4,340.50 470,400.92
0.92%

2025  2025   0.05%-1.30% 0.05%-4.53%  0.05%-1.95%2025   0.92%

2

 

   

2025  1  1,220,719.63 2025  7  1,997,639.55

2025  2  1,290,682.17 2025  8  2,078,404.83

2025  3  1,347,718.32 2025  9  2,009,994.58

2025  4  1,492,086.73 2025  10  2,152,567.62

2025  5  1,614,607.71 2025  11  2,297,432.72

2025  6  1,808,560.51 2025  12  2,403,161.00



    =2025 /12

2025 

60,531.93 1,809,464.61
3.35%

 26   48 

    1.90%-4.68%2025   3.35%   
1 2025  12  31 









 
 







 

 


39,999.42 10,000.00 2,077.44 50,000.00 50,000.00 24,910.00 20,895.33 18,801.33 1,000.00 217,683.52 80,000.00 138,462.35 16,000.00 99,800.00 199,990.00 28,900.00
129,560.00
24,500.00 58,800.00 776,012.35 16,000.00 27,872.10 30,000.00 46,277.54 25,000.00

/ 2.90% 2.95% 2.75% 3.20% 4.30% 2.11% 2.60%
2.85%-2.90% 2.60% 2.70% 3.65% 1.90% 3.90%
3.48%-3.80% 3.20%
3.20%
3.40% 3.00%
3.65% 4.60% 4.68% 2.50% 3.60%



1  1  1  1  1  1  6  1  1 
6  24  15  5  14  24  18 /24  3  3 
48  48  35  5  36 

 27   48 

 


 

 



  


/ / /


 - 


/ 

10,000.00 14,000.00 27,622.56 5,794.00 44,206.00 269.08 247,041.28 48,230.71 47,652.00 35,523.62 131,406.34
370,741.30
660,276.21

4.58% 4.49% 3.69% 3.12% 3.60%  
3.60% 2.51% 3.53%
   
0%-3.50%

59  23  3  4  4 
2 
42  5  4 
-
1 

3.00%-3.10% 















600117

5.035%



600930  2.45%-5.50%  0.90%-5.38%

3.00%-7.02%



2.50%-4.68%

2024  













 28   48 

2

1

 721,515.66   14.61%  2024  2025  274.95% 248.65%2025  85.23%   

 









 

      

6,176,647.94 7,642,751.08 1,385,542.50
87,873.66 2,614,419.00 3,581,446.84
721,515.66

18,197,692.98 22,146,463.00 5,602,154.77
590,377.97 5,833,384.70 10,474,014.69 4,939,202.29

33.94% 34.51% 24.73% 14.88% 44.82% 30.58% 14.61%

 2025   2025 

 30.58%

 14.88% 44.82% 14.61%



 

    

 
=/12 
=/


 2,422,939.13 201,911.59 595,708.55 2.95

 29   48 









8.34



13.74



4.00



2.95

 1  2

 1 



 4-13.74

 2.95 

 2025      2025 

2  2025  

1    

2     

 30   48 

  

 2025      

 

2025 

    
1


2025  -145,767.56 -959,988.85 1,640,620.45 530,774.09

2025   2025  17  2026  14   2025  2025    

 31   48 

2025  12  31  500  
2        1 2 3 4   1 2  32025 
 32   48 

 34.15   51.75  179.37% 308.67  -14.58  213.01 
1 5    2  3 
  5    
 2025  5 

  HD Hyundai Heavy Industries Co., Ltd.   


     

     

 66,950.47 46,412.29 37,747.07 25,032.00 21,817.06
197,958.88

2025   12-18 

 0-3 

 2025   2025 



 33   48 

 5 


  HD Hyundai Heavy Industries Co., Ltd.   
 
 

  ()
66,950.47

2025  

290,111.61

2024  

4,547.90


 

46,412.29 10,223.69

 - 

 37,747.07 77,163.88 6,128.14 

25,032.00 21,817.06

24,561.06 142,548.40

 13,799.12 
 37,045.24 

   



 3.9  
 4,400 
 9,800 
 7,300 
 1.9  

2025 
2025 
2024 2025  2024 2025 
2025 

10%,  100% 20%\10%\70%  30  100% 15%\15%\40%\30 %, 30   100% 15%\15%\40%\30 %, 30   100% 10%,  100%



  1-3   2025   2024  




   

()
66,950.47 21,817.06 11,663.11 8,930.64

2025   

290,111.61

23.08%

142,548.40

15.31%

42,937.09

27.16%

73,063.25

12.22%

 10%

 90%



 10%



 34   48 

 HD Hyundai Heavy Industries Co.Ltd.   6  









   



341,545.87 2,247,213.59 676,798.07 54,197.42 631,921.3



517,828.38 3,590,825.76 852,812.57 64,401.89 355,785.4



65.96%

62.58%

79.36% 84.16% 177.61%

 2025   2025 







 2024 

     


     

() 239 174.13 186.282.01 171.810.05 147,096.46 124.949.87 147,096.46

 2024   2024  "

" 2024  " 2025  12  31  "

 35   48 

  2025  

 

 2025 

    

   








 

4,099,605,090.70

1,989,276,113.88  
1,330,912,046.08  225,831,023.49 
553,585,907.25 
363,461,442.64  
475,950,873.06  54,528,187.06 



  751.91   

1  1  1 
 1  
1  1  1 

184,738,198.09 

5,178,283,791.55



2025 







 , 

 36   48 

2025  18.87%  

     STX   0  2024  0.26% 

 



2025 

          

 2025 
1,818,460.08 100,010.56 358,700.93
2,277,171.57 2,130,056.19
84,597.07 70,800.93 137,484.93 2,422,939.13 -145,767.56

2025  2,277,171.57 

 2,422,939.13 



-145,767.56 

 37   48 

1

     

2

2025  2025  216.39   274.95% 26.55   1083.05% 2025   2025  

3







 



309,473.14

784,087.02



-515,560.85

175,999.14



-32,222.55

113,824.52



1,023.42

29,690.64



-145,767.56

265,460.77

 1 2025  2025  
 2 2025  9  2025  

2025 





 38   48 

2025  
2025   
  1 2  3 4 5 6   1  2  32025 
 39   48 

 150.65  280.37% 15.19   98.75  110.82 
1   2 3  4  

   

1

 2025  12  31 

   

 938,379.81 21,458.48 916,921.33

 548,627.19
26,402.38 522,224.81

 17,968.86 1,927.92 16,040.93







55,875.18 1,560,851.04

4,573.26

54,362.04

51,301.92 1,506,489.00

 

 40   48 

 

 2025  12  31 

 



 
      


85.32 45.63 1.58

  

 

 



   
136.87 90.86%



  

  




  

  




 

 







4.34

3.21 
5.37  
- 0.51

 


1.52   
0.50   0.01  
 0.13

1.65  
0.73  -  
0.14

 


9.10 6.04% 2.16 1.43% 2.52 1.67%



150.65 -

150.65 100.00%

   90% 

 2025  12  31  /

 41   48 

 


  

     



 

2000t  1500t 

1200t1000t900t



     45t 

35t 











 

3000t  1.38 



2600t 














2022  7   STX      2022  -2023      STX  2023    2025   STX     

  ( (
141.08 136.87





 2025  211  1.38



 2025  12  31 

 141.08  136.87 2022  7 



 20  DWT  10 

 20  DWT  12  22 

 66-88 

2025 2025 

 205.47 

2



   

/ 0.50 1.03 0.22

 42   48 



/



0.18



0.48



0.70

 1 2025  2025   2025 

2025  150.65  216.39 

 0.7



1

  2025  216.39  2024  274.95%  2025 

    

2025 



 2025  700,000  

~840,000 

65.89%~99.07%

 2,054,705.21 

 5.90%

 451,850.18 

 14.53%

 2,163,915.28 

 274.95 %

2

       

 43   48 

 
   
 

    


  /   


 

 


 



""



 2025 

 208.64 

    



 44   48 

 




      

 
    1,134,287.51 





108,371.32

 



1,026,383.52 2024 

81,793.56 2024 

  2027 
2026 

 

67.92%

2025  

77.41%

2025  





 2024 

 2025 



    

  







  1998-01-08 

  1953-05-03


10000 
104514  


     

 
 
 

 
  

 
 

 





  72,452.34
62,708.65

 45   48 









2006-12-19

  1999-06-28 





1993-04-09

  1993-11-05 

  2002-12-18

  1980-12-01





1958-04-01

  1984-12-01


3500  199012.4136  
32000 
500 
5000 
80000  100800   602,095.0987  


        

 
 
 
 

   

  

 

 
 


  

 

  

 

   

 


     

 
 



 

 





 
 


 





 





  34,152.21 29,094.07 27,984.44 23,863.56 16,986.15 15,746.51 13,945.44 13,868.91







      

 



 46   48 

 1 2  3 4 5  : 1  2 3 

 47   48 

()

()



·



 2026 4 16

 48   48 

