002436    2026-07-032

                      
                             

      


     "" 2026  4  23 


 31.09 / 6,000 ()
 10,000 ()
 12 
2026-04-016
http://www.cninfo.com.cn

     

      9 ----


      2026  6  30 
 565,200  0.03% 27.22 /
 26.92 / 15,313,297.27 

     

     

     
 9 ----

     1
     1

     2
     2
     1
     2

     3
     3

     

     

                                                              
                                                                                    

                                                                        
