002436     2026-06-025

        
              

      


      
      1"" FCBGA
 2025  2,689.99 
 0.37%-64,383.58 -53,299.98 FCBGA 
2025 
 66,209 
      22025  PCB  1.5 
2.08%
      3


      4 602.05 
 562.95 "-"
113.23  102.96 


      
      """"
002436 2026  6  15 2026  6  16 2026

                                                                            1
 6  17  3  20%


      
      

      1
      2

      3
      4

 A 
 A 


      2023  8  FCBGA 
 5 




      


      5


      
      ""4





                                                                            2
      
      1
      2 FCBGA  2025 
 2,689.99  0.37%-64,383.58 
-53,299.98 FCBGA 
2025 
 66,209 
      32025  PCB  1.5 
2.08%
      4


      5 602.05 
 562.95 "-"
113.23  102.96 
      6
http://www.cninfo.com.cn


      

                                                                
                                                                                    

                                                                           

                                                                            3
